26317216645629166456291329018616645629166456291664562916645629
1376384513763845137638451376384516645629166456291664562916645629
1376384514030358149034001430046916645629166456291624367516645629
26317213816537039851585557716645629166456291664562916645629
1664562916645629263172166456292631722631721664562916645629
1416579916109005166456291651018813763845137638451664562916645629
1463508814030358162436751664562913763845137638451664562916645629
24343411329018616645629165101882631722631721664562916645629
263172166456291664562916645629166456292631721664562916645629
1403035813763845140303581450144614300469162436751664562916645629
1376384514300469165101881664562916510188151038631664562916645629
26317226317216645629166456291664562935528221664562916645629
26317226317226317226317226317226317216645629263172
1376384513763845137638451376384513763845137638451664562913763845
1376384513763845137638451376384513763845137638451664562914030358
263172263172263172263172263172263172166456291381653
263172887948216645629166456291664562926317216645629263172
1430046913763845140303581470242314702423166456291664562913763845
1376384514030358162436751664562916510188153053541664562914030358
26317213816531440866716645629153955628816262166456291381653
26317210000536144086671539556216645629138165316645629263172
1463508813763845137638451376384513763845151038631664562913763845
1403035815305354159075141610900515907514149034001664562914030358
138165388162621217170513024972121717055855577166456291381653
1664562912171705263172263172263172460551016645629263172
1577284416645629166456291664562916645629166456291664562913763845
1651018815641258145014461376384514165799151038631664562914030358
138165313816537039851121717051664562916645629166456291381653
2631722631725855577166456291664562926317216645629263172
1530535413763845137638451376384513763845151038631664562913763845
1376384513763845149034001624367516109005146350881664562914030358
263172263172703985114408667132901865855577166456291381653
16645629532821816645629166456292631721440866716645629263172
1376384513763845137638451450144616510188166456291664562913763845
1564125814635088143004691376384514702423166456291664562914030358
1105322453282183552822263172585557716645629166456291381653
2434341138165335528228816262166456291664562916645629263172
1416579914165799141657991416579914030358153053541664562913763845
1450144614501446147024231530535416243675166456291664562914030358
46055104605510585557788162621440866716645629166456291381653
144086671440866714408667144086675855577144086671605171914538529
1520640815206408152064081520640815206408154071291664562915206408
1520640815206408152064081520640815206408153410631520640815206408
263172263172263172263172263172137934616645629263172
1664562916645629166456291217170526317226317216645629263172
1664562916243675159555741560707716510188156070771664562916243675
1664562916645629166456291590751415206408152064081540712915206408
1664562916645629166456291105322426317226317216645629263172
121717053552822263172138165388162621105322416645629263172
1577284414030358137638451403035815305354155063311664562915206408
1577284414030358137638451403035815305354155063311520640815206408
130249723552822263172138165388162621000053616645629263172
